16 104348311322983132
17 97956723155308333
18 92302594622148933
19 87265304549547056
20 82749168418186278
21 78677312850655856
22 74987270698390277
23 71627758225509301
24 68556280217297611
25 65737325113760891
26 63140987298633739
27 60741903097021408
28 58518420204855786
29 56451942918986748
30 54526411241417973
31 52727882980582462
32 51044195850850146
33 49464692258501698
34 47979993615005657
35 46581814083176215
36 45262805946333186
37 44016430509526735
38 42836849746637938
39 41718834905713408
40 40657689055046822
41 39649181150882619
42 38689489675732492
43 37775154264918749
44 36903034031041816
45 36070271528871172
46 35274261489752745
47 34512623604981616
48 33783178759360715
49 33083928215266736
50 32413035328568281
51 31768809444279025
52 31149691674702006
53 30554242308258411
54 29981129634964615
55 29429120006035526
56 28897068971481044
57 28383913361735447
58 27888664198051958
59 27410400332203292
60 26948262729439667
61 26501449320065917
62 26069210354735223
63 25650844206887149
64 25245693572903994
65 24853142026706121
66 24472610890806726
67 24103556390427321
68 23745467061243615
69 23397861384777256
70 23060285628447360
71 22732311869910467
72 22413536187602439
73 22103577001396301
74 21802073549045049
75 21508684485620918
76 21223086594520827
77 20944973599805751
78 20674055070700382
79 20410055410016436
80 20152712919093617
81 19901778932589861
82 19657017017108448
83 19418202228233854
84 19185120421069351
85 18957567609834912
86 18735349372500404
87 18518280296802074
88 18306183464324897
89 18098889969633839
90 17896238471707304
91 17698074775169283
92 17504251439036084
93 17314627410891386
94 17129067684582255
95 16947442979690505
96 16769629441180295
97 16595508357755675
98 16424965897582312
99 16257892860137146
100 16094184443049266
101 15933740022886000
102 15776462948920726
103 15622260348994319
104 15471042946650853
105 15322724888791047
106 15177223583144395
107 15034459544913513
108 14894356251992449
109 14756840008204861
110 14621839814048523
111 14489287244469878
112 14359116333226555
113 14231263463427278
114 14105667263867563
115 13982268510806323
116 13861010034853095
117 13741836632658349
118 13624694983120275
119 13509533567840851
120 13396302595581907
121 13284953930488447
122 13175441023861882
123 13067718849280000
124 12961743840873711
125 12857473834582808
126 12754868012224354
127 12653886848217808
128 12554492058820846
129 12456646553738893
130 12360314389979884
131 12265460727833651
132 12172051788862678
133 12080054815797813
134 11989438034238923
135 11900170616066414
136 11812222644475126
137 11725565080547277
138 11640169731286011
139 11556009219035628
140 11473056952218814
141 11391287097325186
142 11310674552089145
143 11231194919798567
144 11152824484679073
145 11075540188301722
146 10999319606964827
147 10924140930003283
148 10849982938981340
149 10776824987727125
150 10704646983169450
151 10633429366939542
152 10563153097702314
153 10493799634183652
154 10425350918861920
155 10357789362293587
156 10291097828044361
157 10225259618198736
158 10160258459422213
159 10096078489551747
160 10032704244691223
161 9970120646789903
162 9908312991682884
163 9847266937573652
164 9786968493939771
165 9727404010843693
166 9668560168631516
167 9610423968003392
168 9552982720440003
169 9496224038970315
170 9440135829266507
171 9384706281052602
172 9329923859814012
173 9275777298795753
174 9222255591277673
175 9169347983115583
176 9117043965537655
177 9065333268185962
178 9014205852393488
179 8963651904687347
180 8913661830509402
181 8864226248145825
182 8815335982857542
183 8766982061203853
184 8719155705551834
185 8671848328764489
186 8625051529060873
187 8578757085041756
188 8532956950874609
189 8487643251632013
190 8442808278777814
191 8398444485795576
192 8354544483954145
193 8311101038205320
194 8268107063208850
195 8225555619480174
196 8183439909656503
197 8141753274877020
198 8100489191273157
199 8059641266565055
200 8019203236760488
201 7979168962952662
202 7939532428213451
203 7900287734578776
204 7861429100122946
205 7822950856118918
206 7784847444281539
207 7747113414090972
208 7709743420193575
209 7672732219877649
210 7636074670621544
211 7599765727711712
212 7563800441928396
213 7528173957296721
214 7492881508901044
215 7457918420760488
216 7423280103763685
217 7388962053660804
218 7354959849111010
219 7321269149783602
220 7287885694511081
221 7254805299492537
222 7222023856545729
223 7189537331406349
224 7157341762072977
225 7125433257196308
226 7093807994511273
227 7062462219310726
228 7031392242959425
229 7000594441447056
230 6970065253979125
231 6939801181604555
232 6909798785878887
233 6880054687561999
234 6850565565349326
235 6821328154635558
236 6792339246309870
237 6763595685581737
238 6735094370836440
239 6706832252519379
240 6678806332048372
241 6651013660753096
242 6623451338840909
243 6596116514388276
244 6569006382357062
245 6542118183634995
246 6515449204099583
247 6488996773704849
248 6462758265590206
249 6436731095210884
250 6410912719489263
251 6385300635986567
252 6359892382094324
253 6334685534245053
254 6309677707141652
255 6284866553004963
256 6260249760839021
257 6235825055713504
258 6211590198062911
259 6187542983002025
260 6163681239657207
261 6140002830513114
262 6116505650774402
263 6093187627742044
264 6070046720203852
265 6047080917838836
266 6024288240635030
267 6001666738320444
268 5979214489806777
269 5956929602645577
270 5934810212496515
271 5912854482607463
272 5891060603306069
273 5869426791502533
274 5847951290203299
275 5826632368035390
276 5805468318781099
277 5784457460922790
278 5763598137197551
279 5742888714161442
280 5722327581763103
281 5701913152926498
282 5681643863142548
283 5661518170069447
284 5641534553141445
285 5621691513185886
286 5601987572048295
287 5582421272225328
288 5562991176505384
289 5543695867616697
290 5524533947882726
291 5505504038884667
292 5486604781130916
293 5467834833733318
294 5449192874090038
295 5430677597574894
296 5412287717233008
297 5394021963482616
298 5375879083822894
299 5357857842547666
300 5339957020464848
301 5322175414621493
302 5304511838034321
303 5286965119425589
304 5269534102964188
305 5252217648011845
306 5235014628874318
307 5217923934557452
308 5200944468528012
309 5184075148479158
310 5167314906100480
311 5150662686852474
312 5134117449745361
313 5117678167122164
314 5101343824445934
315 5085113420091036
316 5068985965138410
317 5052960483174716
318 5037036010095274
319 5021211593910721
320 5005486294557299
321 4989859183710697
322 4974329344603372
323 4958895871845270
324 4943557871247866
325 4928314459651473
326 4913164764755726
327 4898107924953187
328 4883143089165998
329 4868269416685522
330 4853486077014903
331 4838792249714489
332 4824187124250052
333 4809669899843747
334 4795239785327758
335 4780895999000567
336 4766637768485799
337 4752464330593580
338 4738374931184366
339 4724368825035183
340 4710445275708235
341 4696603555421829
342 4682842944923566
343 4669162733365759
344 4655562218183022
345 4642040704971998
346 4628597507373178
347 4615231946954758
348 4601943353098514
349 4588731062887634
350 4575594420996483
351 4562532779582255
352 4549545498178467
353 4536631943590282
354 4523791489791596
355 4511023517823875
356 4498327415696699
357 4485702578289980
358 4473148407257819
359 4460664310933983
360 4448249704238948
361 4435904008588495
362 4423626651803830
363 4411417068023181
364 4399274697614864
365 4387198987091776
366 4375189389027297
367 4363245361972561
368 4351366370375089
369 4339551884498739
370 4327801380344964
371 4316114339575335
372 4304490249435329
373 4292928602679337
374 4281428897496878
375 4269990637439996
376 4258613331351822
377 4247296493296270
378 4236039642488852
379 4224842303228590
380 4213704004831011
381 4202624281562186
382 4191602672573822
383 4180638721839363
384 4169731978091092
385 4158881994758219
386 4148088329905933
387 4137350546175394
388 4126668210724660
389 4116040895170530
390 4105468175531274
391 4094949632170253
392 4084484849740395
393 4074073417129529
394 4063714927406543
395 4053408977768370
396 4043155169487775
397 4032953107861930
398 4022802402161772
399 4012702665582118
400 4002653515192531
401 3992654571888924
402 3982705460345886
403 3972805808969722
404 3962955249852187
405 3953153418724908
406 3943399954914485
407 3933694501298248
408 3924036704260672
409 3914426213650428
410 3904862682738068
411 3895345768174322
412 3885875129949011
413 3876450431350556
414 3867071338926065
415 3857737522442017
416 3848448654845496
417 3839204412225994
418 3830004473777757
419 3820848521762680
420 3811736241473720
421 3802667321198846
422 3793641452185489
423 3784658328605504
424 3775717647520631
425 3766819108848437
426 3757962415328744
427 3749147272490530
428 3740373388619288
429 3731640474724852
430 3722948244509664
431 3714296414337489
432 3705684703202562
433 3697112832699166
434 3688580526991628
435 3680087512784735
436 3671633519294548
437 3663218278219629
438 3654841523712653
439 3646502992352417
440 3638202423116222
441 3629939557352641
442 3621714138754651
443 3613525913333130
444 3605374629390714
445 3597260037496010
446 3589181890458148
447 3581139943301685
448 3573133953241841
449 3565163679660061
450 3557228884079915
451 3549329330143311
452 3541464783587025
453 3533635012219544
454 3525839785898217
455 3518078876506702
456 3510352057932717
457 3502659106046081
458 3494999798677038
459 3487373915594877
460 3479781238486815
461 3472221550937172
462 3464694638406802
463 3457200288212805
464 3449738289508486
465 3442308433263589
466 3434910512244774
467 3427544320996351
468 3420209655821260
469 3412906314762295
470 3405634097583565
471 3398392805752198
472 3391182242420273
473 3384002212406980
474 3376852522181011
475 3369732979843172
476 3362643395109213
477 3355583579292876
478 3348553345289154
479 3341552507557762
480 3334580882106815
481 3327638286476711
482 3320724539724208
483 3313839462406708
484 3306982876566731
485 3300154605716586
486 3293354474823222
487 3286582310293276
488 3279837939958302
489 3273121193060178
490 3266431900236695
491 3259769893507326
492 3253135006259158
493 3246527073233007
494 3239945930509698
495 3233391415496504
496 3226863366913764
497 3220361624781651
498 3213886030407101
499 3207436426370906
500 3201012656514955
501 3194614565929632
502 3188242000941364
503 3181894809100314
504 3175572839168231
505 3169275941106431
506 3163003966063929
507 3156756766365712
508 3150534195501148
509 3144336108112531
510 3138162359983764
511 3132012808029173
512 3125887310282454
513 3119785725885743
514 3113707915078828
515 3107653739188471
516 3101623060617861
517 3095615742836195
518 3089631650368370
519 3083670648784800
520 3077732604691350
521 3071817385719386
522 3065924860515939
523 3060054898733981
524 3054207371022816
525 3048382149018574
526 3042579105334825
527 3036798113553287
528 3031039048214650
529 3025301784809498
530 3019586199769335
531 3013892170457718
532 3008219575161481
533 3002568293082065
534 2996938204326942
535 2991329189901138
536 2985741131698848
537 2980173912495147
538 2974627415937793
539 2969101526539121
540 2963596129668026
541 2958111111542040
542 2952646359219489
543 2947201760591743
544 2941777204375551
545 2936372580105457
546 2930987778126302
547 2925622689585809
548 2920277206427246
549 2914951221382174
550 2909644627963269
551 2904357320457227
552 2899089193917745
553 2893840144158574
554 2888610067746654
555 2883398861995318
556 2878206424957571
557 2873032655419446
558 2867877452893423
559 2862740717611925
560 2857622350520882
561 2852522253273363
562 2847440328223280
563 2842376478419151
564 2837330607597940
565 2832302620178953
566 2827292421257805
567 2822299916600448
568 2817325012637265
569 2812367616457220
570 2807427635802077
571 2802504979060679
572 2797599555263278
573 2792711274075938
574 2787840045794987
575 2782985781341530
576 2778148392256019
577 2773327790692881
578 2768523889415197
579 2763736601789445
580 2758965841780285
581 2754211523945414
582 2749473563430455
583 2744751875963918
584 2740046377852198
585 2735356985974630
586 2730683617778599
587 2726026191274691
588 2721384625031899
589 2716758838172882
590 2712148750369260
591 2707554281836969
592 2702975353331658
593 2698411886144131
594 2693863802095840
595 2689331023534416
596 2684813473329254
597 2680311074867139
598 2675823752047908
599 2671351429280170
600 2666894031477058
601 2662451484052026
602 2658023712914690
603 2653610644466710
604 2649212205597711
605 2644828323681245
606 2640458926570794
607 2636103942595815
608 2631763300557817
609 2627436929726482
610 2623124759835825
611 2618826721080390
612 2614542744111481
613 2610272760033433
614 2606016700399920
615 2601774497210296
616 2597546082905973
617 2593331390366839
618 2589130352907701
619 2584942904274769
620 2580768978642178
621 2576608510608532
622 2572461435193493
623 2568327687834393
624 2564207204382891
625 2560099921101648
626 2556005774661042
627 2551924702135915
628 2547856641002350
629 2543801529134473
630 2539759304801297
631 2535729906663582
632 2531713273770741
633 2527709345557759
634 2523718061842155
635 2519739362820960
636 2515773189067736
637 2511819481529617
638 2507878181524373
639 2503949230737512
640 2500032571219401
641 2496128145382420
642 2492235895998135
643 2488355766194506
644 2484487699453114
645 2480631639606420
646 2476787530835043
647 2472955317665069
648 2469134944965380
649 2465326357945015
650 2461529502150545
651 2457744323463480
652 2453970768097699
653 2450208782596902
654 2446458313832083
655 2442719308999034
656 2438991715615860
657 2435275481520532
658 2431570554868444
659 2427876884130012
660 2424194418088278
661 2420523105836544
662 2416862896776030
663 2413213740613544
664 2409575587359182
665 2405948387324045
666 2402332091117976
667 2398726649647318
668 2395132014112692
669 2391548136006797
670 2387974967112229
671 2384412459499313
672 2380860565523968
673 2377319237825575
674 2373788429324878
675 2370268093221895
676 2366758182993851
677 2363258652393127
678 2359769455445231
679 2356290546446785
680 2352821879963525
681 2349363410828331
682 2345915094139257
683 2342476885257596
684 2339048739805949
685 2335630613666317
686 2332222462978210
687 2328824244136767
688 2325435913790902
689 2322057428841455
690 2318688746439368
691 2315329823983872
692 2311980619120692
693 2308641089740267
694 2305311193975984
695 2301990890202429
696 2298680137033652
697 2295378893321451
698 2292087118153660
699 2288804770852468
700 2285531810972734
701 2282268198300333
702 2279013892850506
703 2275768854866229
704 2272533044816589
705 2269306423395185
706 2266088951518533
707 2262880590324487
708 2259681301170680
709 2256491045632964
710 2253309785503878
711 2250137482791123
712 2246974099716044
713 2243819598712136
714 2240673942423554
715 2237537093703641
716 2234409015613461
717 2231289671420355
718 2228179024596497
719 2225077038817475
720 2221983677960870
721 2218898906104861
722 2215822687526827
723 2212754986701974
724 2209695768301965
725 2206644997193564
726 2203602638437293
727 2200568657286093
728 2197543019184006
729 2194525689764864
730 2191516634850982
731 2188515820451873
732 2185523212762965
733 2182538778164334
734 2179562483219444
735 2176594294673895
736 2173634179454191
737 2170682104666506
738 2167738037595470
739 2164801945702955
740 2161873796626882
741 2158953558180027
742 2156041198348847
743 2153136685292305
744 2150239987340712
745 2147351072994576
746 2144469910923460
747 2141596469964850
748 2138730719123029
749 2135872627567966
750 2133022164634207
751 2130179299819783
752 2127344002785114
753 2124516243351941
754 2121695991502243
755 2118883217377184
756 2116077891276056
757 2113279983655233
758 2110489465127134
759 2107706306459196
760 2104930478572850
761 2102161952542511
762 2099400699594574
763 2096646691106412
764 2093899898605395
765 2091160293767900
766 2088427848418344
767 2085702534528216
768 2082984324215117
769 2080273189741814
770 2077569103515289
771 2074872038085809
772 2072181966145995
773 2069498860529902
774 2066822694212100
775 2064153440306774
776 2061491072066815
777 2058835562882933
778 2056186886282770
779 2053545015930017
780 2050909925623542
781 2048281589296527
782 2045659981015606
783 2043045074980011
784 2040436845520726
785 2037835267099652
786 2035240314308765
787 2032651961869296
788 2030070184630906
789 2027494957570874
790 2024926255793286
791 2022364054528236
792 2019808329131026
793 2017259055081380
794 2014716207982655
795 2012179763561067
796 2009649697664918
797 2007125986263825
798 2004608605447966
799 2002097531427320
800 1999592740530920
801 1997094209206106
802 1994601914017793
803 1992115831647730
804 1989635938893780
805 1987162212669194
806 1984694630001898
807 1982233168033777
808 1979777804019974
809 1977328515328187
810 1974885279437972
811 1972448073940059
812 1970016876535658
813 1967591665035788
814 1965172417360594
815 1962759111538682
816 1960351725706453
817 1957950238107441
818 1955554627091659
819 1953164871114948
820 1950780948738332
821 1948402838627375
822 1946030519551547
823 1943663970383588
824 1941303170098889
825 1938948097774858
826 1936598732590313
827 1934255053824860
828 1931917040858290
829 1929584673169969
830 1927257930338242
831 1924936792039835
832 1922621238049262
833 1920311248238240
834 1918006802575104
835 1915707881124230
836 1913414464045459
837 1911126531593523
838 1908844064117485
839 1906567042060170
840 1904295445957612
841 1902029256438494
842 1899768454223602
843 1897513020125274
844 1895262935046862
845 1893018179982189
846 1890778736015014
847 1888544584318505
848 1886315706154707
849 1884092082874018
850 1881873695914673
851 1879660526802223
852 1877452557149024
853 1875249768653729
854 1873052143100781
855 1870859662359910
856 1868672308385635
857 1866490063216772
858 1864312908975937
859 1862140827869062
860 1859973802184909
861 1857811814294587
862 1855654846651077
863 1853502881788753
864 1851355902322917
865 1849213890949324
866 1847076830443721
867 1844944703661385
868 1842817493536664
869 1840695183082522
870 1838577755390084
871 1836465193628193
872 1834357481042957
873 1832254600957314
874 1830156536770583
875 1828063271958035
876 1825974790070454
877 1823891074733711
878 1821812109648331
879 1819737878589071
880 1817668365404495
881 1815603554016562
882 1813543428420200
883 1811487972682898
884 1809437170944296
885 1807391007415773
886 1805349466380047
887 1803312532190767
888 1801280189272117
889 1799252422118419
890 1797229215293737
891 1795210553431485
892 1793196421234041
893 1791186803472357
894 1789181684985577
895 1787181050680655
896 1785184885531979
897 1783193174580990
898 1781205902935811
899 1779223055770879
900 1777244618326569
901 1775270575908835
902 1773300913888841
903 1771335617702603
904 1769374672850629
905 1767418064897560
906 1765465779471821
907 1763517802265265
908 1761574119032824
909 1759634715592162
910 1757699577823332
911 1755768691668431
912 1753842043131259
913 1751919618276984
914 1750001403231803
915 1748087384182610
916 1746177547376664
917 1744271879121260
918 1742370365783398
919 1740472993789466
920 1738579749624909
921 1736690619833911
922 1734805591019078
923 1732924649841120
924 1731047783018535
925 1729174977327298
926 1727306219600550
927 1725441496728288
928 1723580795657063
929 1721724103389670
930 1719871406984848
931 1718022693556977
932 1716177950275786
933 1714337164366046
934 1712500323107284
935 1710667413833486
936 1708838423932804
937 1707013340847273
938 1705192152072515
939 1703374845157463
940 1701561407704068
941 1699751827367024
942 1697946091853484
943 1696144188922783
944 1694346106386163
945 1692551832106494
946 1690761353998005
947 1688974660026011
948 1687191738206641
949 1685412576606576
950 1683637163342776
951 1681865486582222
952 1680097534541646
953 1678333295487277
954 1676572757734575
955 1674815909647978
956 1673062739640643
957 1671313236174192
958 1669567387758458
959 1667825182951236
960 1666086610358029
961 1664351658631804
962 1662620316472742
963 1660892572627993
964 1659168415891433
965 1657447835103424
966 1655730819150568
967 1654017356965472
968 1652307437526507
969 1650601049857576
970 1648898183027876
971 1647198826151663
972 1645502968388024
973 1643810598940645
974 1642121707057581
975 1640436282031029
976 1638754313197101
977 1637075789935601
978 1635400701669799
979 1633729037866210
980 1632060788034374
981 1630395941726635
982 1628734488537924
983 1627076418105543
984 1625421720108946
985 1623770384269529
986 1622122400350416
987 1620477758156245
988 1618836447532961
989 1617198458367607
990 1615563780588112
991 1613932404163089
992 1612304319101630
993 1610679515453099
994 1609057983306929
995 1607439712792426
996 1605824694078561
997 1604212917373778
998 1602604372925791
999 1600999051021391
1000 1599396941986247
1001 1597798036184713
1002 1596202324019638
1003 1594609795932169
1004 1593020442401564
1005 1591434253944997
1006 1589851221117378
1007 1588271334511158
1008 1586694584756144
1009 1585120962519317
1010 1583550458504645
1011 1581983063452902
1012 1580418768141482
1013 1578857563384224
1014 1577299440031227
1015 1575744388968673
1016 1574192401118653
1017 1572643467438983
1018 1571097578923034
1019 1569554726599557
1020 1568014901532506
1021 1566478094820869
1022 1564944297598495
1023 1563413501033924
1024 1561885696330218
1025 1560360874724789
1026 1558839027489237
1027 1557320145929180
1028 1555804221384088
1029 1554291245227121
1030 1552781208864962
1031 1551274103737658
1032 1549769921318454
1033 1548268653113638
1034 1546770290662376
1035 1545274825536553
1036 1543782249340619
1037 1542292553711429
1038 1540805730318087
1039 1539321770861793
1040 1537840667075684
1041 1536362410724684
1042 1534886993605353
1043 1533414407545729
1044 1531944644405184
1045 1530477696074270
1046 1529013554474569
1047 1527552211558550
1048 1526093659309416
1049 1524637889740960
1050 1523184894897417
1051 1521734666853323
1052 1520287197713369
1053 1518842479612255
1054 1517400504714553
1055 1515961265214558
1056 1514524753336157
1057 1513090961332678
1058 1511659881486761
1059 1510231506110210
1060 1508805827543864
1061 1507382838157454
1062 1505962530349470
1063 1504544896547023
1064 1503129929205714
1065 1501717620809497
1066 1500307963870547
1067 1498900950929129
1068 1497496574553465
1069 1496094827339601
1070 1494695701911283
1071 1493299190919821
1072 1491905287043965
1073 1490513982989773
1074 1489125271490488
1075 1487739145306410
1076 1486355597224768
1077 1484974620059597
1078 1483596206651614
1079 1482220349868092
1080 1480847042602741
1081 1479476277775581
1082 1478108048332822
1083 1476742347246746
1084 1475379167515581
1085 1474018502163387
1086 1472660344239934
1087 1471304686820582
1088 1469951523006168
1089 1468600845922886
1090 1467252648722169
1091 1465906924580578
1092 1464563666699683
1093 1463222868305949
1094 1461884522650622
1095 1460548623009620
1096 1459215162683415
1097 1457884134996921
1098 1456555533299387
1099 1455229350964285
1100 1453905581389195
1101 1452584217995701
1102 1451265254229281
1103 1449948683559197
1104 1448634499478387
1105 1447322695503360
1106 1446013265174088
1107 1444706202053899
1108 1443401499729373
1109 1442099151810238
1110 1440799151929263
1111 1439501493742157
1112 1438206170927462
1113 1436913177186454
1114 1435622506243042
1115 1434334151843660
1116 1433048107757173
1117 1431764367774773
1118 1430482925709880
1119 1429203775398040
1120 1427926910696832
1121 1426652325485765
1122 1425380013666180
1123 1424109969161155
1124 1422842185915409
1125 1421576657895202
1126 1420313379088242
1127 1419052343503589
1128 1417793545171562
1129 1416536978143641
1130 1415282636492378
1131 1414030514311300
1132 1412780605714817
1133 1411532904838133
1134 1410287405837148
1135 1409044102888375
1136 1407802990188841
1137 1406564061956003
1138 1405327312427654
1139 1404092735861835
1140 1402860326536749
1141 1401630078750668
1142 1400401986821847
1143 1399176045088437
1144 1397952247908399
1145 1396730589659415
1146 1395511064738802
1147 1394293667563430
1148 1393078392569631
1149 1391865234213119
1150 1390654186968905
1151 1389445245331212
1152 1388238403813389
1153 1387033656947834
1154 1385830999285907
1155 1384630425397849
1156 1383431929872701
1157 1382235507318221
1158 1381041152360805
1159 1379848859645405
1160 1378658623835451
1161 1377470439612769
1162 1376284301677502
1163 1375100204748035
1164 1373918143560911
1165 1372738112870757
1166 1371560107450205
1167 1370384122089813
1168 1369210151597994
1169 1368038190800933
1170 1366868234542514
1171 1365700277684243
1172 1364534315105178
1173 1363370341701845
1174 1362208352388173
1175 1361048342095411
1176 1359890305772063
1177 1358734238383808
1178 1357580134913430
1179 1356427990360746
1180 1355277799742531
1181 1354129558092449
1182 1352983260460980
1183 1351838901915350
1184 1350696477539458
1185 1349555982433809
1186 1348417411715441
1187 1347280760517857
1188 1346146023990953
1189 1345013197300955
1190 1343882275630343
1191 1342753254177787
1192 1341626128158079
1193 1340500892802064
1194 1339377543356575
1195 1338256075084360
1196 1337136483264026
1197 1336018763189960
1198 1334902910172276
1199 1333788919536738
1200 1332676786624703
1201 1331566506793050
1202 1330458075414122
1203 1329351487875654
1204 1328246739580715
1205 1327143825947643
1206 1326042742409979
1207 1324943484416407
1208 1323846047430690
1209 1322750426931609
1210 1321656618412897
1211 1320564617383183
1212 1319474419365926
1213 1318386019899355
1214 1317299414536409
1215 1316214598844675
1216 1315131568406331
1217 1314050318818082
1218 1312970845691100
1219 1311893144650970
1220 1310817211337626
1221 1309743041405294
1222 1308670630522432
1223 1307599974371675
1224 1306531068649773
1225 1305463909067537
1226 1304398491349779
1227 1303334811235256
1228 1302272864476615
1229 1301212646840330
1230 1300154154106656
1231 1299097382069562
1232 1298042326536685
1233 1296988983329268
1234 1295937348282107
1235 1294887417243497
1236 1293839186075175
1237 1292792650652269
1238 1291747806863240
1239 1290704650609832
1240 1289663177807016
1241 1288623384382935
1242 1287585266278858
1243 1286548819449118
1244 1285514039861065
1245 1284480923495013
1246 1283449466344189
1247 1282419664414676
1248 1281391513725368
1249 1280365010307914
1250 1279340150206671
1251 1278316929478650
1252 1277295344193464
1253 1276275390433284
1254 1275257064292782
1255 1274240361879086
1256 1273225279311727
1257 1272211812722591
1258 1271199958255873
1259 1270189712068022
1260 1269181070327696
1261 1268174029215714
1262 1267168584925007
1263 1266164733660567
1264 1265162471639407
1265 1264161795090503
1266 1263162700254757
1267 1262165183384943
1268 1261169240745663
1269 1260174868613298
1270 1259182063275966
1271 1258190821033472
1272 1257201138197262
1273 1256213011090380
1274 1255226436047420
1275 1254241409414482
1276 1253257927549128
1277 1252275986820331
1278 1251295583608440
1279 1250316714305127
1280 1249339375313348
1281 1248363563047297
1282 1247389273932359
1283 1246416504405075
1284 1245445250913089
1285 1244475509915110
1286 1243507277880868
1287 1242540551291072
1288 1241575326637363
1289 1240611600422280
1290 1239649369159208
1291 1238688629372344
1292 1237729377596649
1293 1236771610377811
1294 1235815324272200
1295 1234860515846832
1296 1233907181679320
1297 1232955318357839
1298 1232004922481084
1299 1231055990658230
1300 1230108519508890
1301 1229162505663074
1302 1228217945761155
1303 1227274836453820
1304 1226333174402039
1305 1225392956277021
1306 1224454178760176
1307 1223516838543075
1308 1222580932327413
1309 1221646456824967
1310 1220713408757562
1311 1219781784857030
1312 1218851581865171
1313 1217922796533718
1314 1216995425624295
1315 1216069465908384
1316 1215144914167284
1317 1214221767192075
1318 1213300021783583
1319 1212379674752337
1320 1211460722918539
1321 1210543163112025
1322 1209626992172226
1323 1208712206948134
1324 1207798804298267
1325 1206886781090631
1326 1205976134202685
1327 1205066860521305
1328 1204158956942748
1329 1203252420372619
1330 1202347247725834
1331 1201443435926585
1332 1200540981908305
1333 1199639882613633
1334 1198740134994384
1335 1197841736011506
1336 1196944682635054
1337 1196048971844152
1338 1195154600626958
1339 1194261565980635
1340 1193369864911311
1341 1192479494434052
1342 1191590451572822
1343 1190702733360457
1344 1189816336838627
1345 1188931259057803
1346 1188047497077228
1347 1187165047964882
1348 1186283908797448
1349 1185404076660284
1350 1184525548647386
1351 1183648321861361
1352 1182772393413391
1353 1181897760423202
1354 1181024420019036
1355 1180152369337614
1356 1179281605524109
1357 1178412125732113
1358 1177543927123608
1359 1176677006868930
1360 1175811362146746
1361 1174946990144015
1362 1174083888055965
1363 1173222053086058
1364 1172361482445961
1365 1171502173355517
1366 1170644123042712
1367 1169787328743650
1368 1168931787702520
1369 1168077497171566
1370 1167224454411059
1371 1166372656689268
1372 1165522101282430
1373 1164672785474721
1374 1163824706558228
1375 1162977861832919
1376 1162132248606615
1377 1161287864194960
1378 1160444705921398
1379 1159602771117135
1380 1158762057121121
1381 1157922561280016
1382 1157084280948162
1383 1156247213487560
1384 1155411356267837
1385 1154576706666220
1386 1153743262067511
1387 1152911019864056
1388 1152079977455720
1389 1151250132249862
1390 1150421481661301
1391 1149594023112298
1392 1148767754032522
1393 1147942671859028
1394 1147118774036228
1395 1146296058015867
1396 1145474521256993
1397 1144654161225935
1398 1143834975396274
1399 1143016961248818
1400 1142200116271577
1401 1141384437959736
1402 1140569923815629
1403 1139756571348717
1404 1138944378075558
1405 1138133341519783
1406 1137323459212075
1407 1136514728690137
1408 1135707147498673
1409 1134900713189359
1410 1134095423320822
1411 1133291275458610
1412 1132488267175176
1413 1131686396049843
1414 1130885659668789
1415 1130086055625016
1416 1129287581518332
1417 1128490234955321
1418 1127694013549323
1419 1126898914920408
1420 1126104936695355
1421 1125312076507625
1422 1124520331997340
1423 1123729700811259
1424 1122940180602754
1425 1122151769031788
1426 1121364463764889
1427 1120578262475132
1428 1119793162842110
1429 1119009162551918
1430 1118226259297123
1431 1117444450776748
1432 1116663734696244
1433 1115884108767471
1434 1115105570708676
1435 1114328118244466
1436 1113551749105792
1437 1112776461029924
1438 1112002251760428
1439 1111229119047146
1440 1110457060646172
1441 1109686074319834
1442 1108916157836668
1443 1108147308971401
1444 1107379525504925
1445 1106612805224278
1446 1105847145922624
1447 1105082545399228
1448 1104319001459441
1449 1103556511914671
1450 1102795074582370
1451 1102034687286007
1452 1101275347855051
1453 1100517054124948
1454 1099759803937104
1455 1099003595138860
1456 1098248425583475
1457 1097494293130102
1458 1096741195643773
1459 1095989130995376
1460 1095238097061632
1461 1094488091725080
1462 1093739112874056
1463 1092991158402671
1464 1092244226210793
1465 1091498314204025
1466 1090753420293690
1467 1090009542396807
1468 1089266678436075
1469 1088524826339851
1470 1087783984042130
1471 1087044149482532
1472 1086305320606274
1473 1085567495364158
1474 1084830671712549
1475 1084094847613357
1476 1083360021034017
1477 1082626189947471
1478 1081893352332152
1479 1081161506171959
1480 1080430649456246
1481 1079700780179798
1482 1078971896342816
1483 1078243995950896
1484 1077517077015014
1485 1076791137551504
1486 1076066175582044
1487 1075342189133635
1488 1074619176238585
1489 1073897134934491
1490 1073176063264218
1491 1072455959275887
1492 1071736821022852
1493 1071018646563686
1494 1070301433962163
1495 1069585181287238
1496 1068869886613034
1497 1068155548018820
1498 1067442163588998
1499 1066729731413082
1500 1066018249585686
1501 1065307716206502
1502 1064598129380284
1503 1063889487216834
1504 1063181787830984
1505 1062475029342576
1506 1061769209876452
1507 1061064327562429
1508 1060360380535291
1509 1059657366934765
1510 1058955284905512
1511 1058254132597103
1512 1057553908164009
1513 1056854609765581
1514 1056156235566037
1515 1055458783734443
1516 1054762252444696
1517 1054066639875515
1518 1053371944210416
1519 1052678163637704
1520 1051985296350450
1521 1051293340546483
1522 1050602294428368
1523 1049912156203394
1524 1049222924083557
1525 1048534596285544
1526 1047847171030721
1527 1047160646545113
1528 1046475021059393
1529 1045790292808862
1530 1045106460033440
1531 1044423520977645
1532 1043741473890583
1533 1043060317025927
1534 1042380048641910
1535 1041700667001302
1536 1041022170371402
1537 1040344557024019
1538 1039667825235458
1539 1038991973286509
1540 1038316999462425
1541 1037642902052916
1542 1036969679352128
1543 1036297329658632
1544 1035625851275410
1545 1034955242509838
1546 1034285501673673
1547 1033616627083041
1548 1032948617058419
1549 1032281469924625
1550 1031615184010801
1551 1030949757650399
1552 1030285189181169
1553 1029621476945146
1554 1028958619288632
1555 1028296614562186
1556 1027635461120609
1557 1026975157322929
1558 1026315701532392
1559 1025657092116442
1560 1024999327446714
1561 1024342405899015
1562 1023686325853314
1563 1023031085693729
1564 1022376683808509
1565 1021723118590029
1566 1021070388434769
1567 1020418491743305
1568 1019767426920294
1569 1019117192374463
1570 1018467786518596
1571 1017819207769518
1572 1017171454548085
1573 1016524525279170
1574 1015878418391651
1575 1015233132318399
1576 1014588665496263
1577 1013945016366059
1578 1013302183372555
1579 1012660164964465
1580 1012018959594427
1581 1011378565719000
1582 1010738981798644
1583 1010100206297712
1584 1009462237684438
1585 1008825074430921
1586 1008188715013116
1587 1007553157910822
1588 1006918401607668
1589 1006284444591101
1590 1005651285352377
1591 1005018922386545
1592 1004387354192437
1593 1003756579272658
1594 1003126596133569
1595 1002497403285282
1596 1001868999241642
1597 1001241382520219
1598 1000614551642295
1599 999988505132854
1600 999363241520566
1601 998738759337782
1602 998115057120518
1603 997492133408445
1604 996869986744875
1605 996248615676754
1606 995628018754650
1607 995008194532738
1608 994389141568791
1609 993770858424170
1610 993153343663813
1611 992536595856219
1612 991920613573445
1613 991305395391087
1614 990690939888275
1615 990077245647658
1616 989464311255397
1617 988852135301149
1618 988240716378062
1619 987630053082760
1620 987020144015332
1621 986410987779327
1622 985802582981735
1623 985194928232983
1624 984588022146921
1625 983981863340815
1626 983376450435329
1627 982771782054525
1628 982167856825844
1629 981564673380099
1630 980962230351465
1631 980360526377468
1632 979759560098976
1633 979159330160184
1634 978559835208611
1635 977961073895086
1636 977363044873735
1637 976765746801977
1638 976169178340511
1639 975573338153303
1640 974978224907583
1641 974383837273827
1642 973790173925755
1643 973197233540315
1644 972605014797676
1645 972013516381218
1646 971422736977520
1647 970832675276355
1648 970243329970676
1649 969654699756609
1650 969066783333439
1651 968479579403608
1652 967893086672699
1653 967307303849428
1654 966722229645636
1655 966137862776278
1656 965554201959415
1657 964971245916205
1658 964388993370889
1659 963807443050789
1660 963226593686294
1661 962646444010849
1662 962066992760952
1663 961488238676140
1664 960910180498982
1665 960332816975067
1666 959756146853000
1667 959180168884387
1668 958604881823831
1669 958030284428920
1670 957456375460221
1671 956883153681266
1672 956310617858549
1673 955738766761513
1674 955167599162544
1675 954597113836958
1676 954027309562998
1677 953458185121821
1678 952889739297491
1679 952321970876970
1680 951754878650109
1681 951188461409641
1682 950622717951170
1683 950057647073163
1684 949493247576944
1685 948929518266683
1686 948366457949388
1687 947804065434897
1688 947242339535869
1689 946681279067776
1690 946120882848897
1691 945561149700304
1692 945002078445859
1693 944443667912205
1694 943885916928755
1695 943328824327686
1696 942772388943931
1697 942216609615169
1698 941661485181821
1699 941107014487036
1700 940553196376687
1701 940000029699363
1702 939447513306360
1703 938895646051673
1704 938344426791987
1705 937793854386671
1706 937243927697772
1707 936694645590001
1708 936146006930730
1709 935598010589985
1710 935050655440433
1711 934503940357380
1712 933957864218760
1713 933412425905128
1714 932867624299653
1715 932323458288111
1716 931779926758873
1717 931237028602903
1718 930694762713749
1719 930153127987533
1720 929612123322946
1721 929071747621240
1722 928531999786219
1723 927992878724234
1724 927454383344174
1725 926916512557461
1726 926379265278036
1727 925842640422363
1728 925306636909409
1729 924771253660648
1730 924236489600044
1731 923702343654054
1732 923168814751609
1733 922635901824119
1734 922103603805457
1735 921571919631954
1736 921040848242395
1737 920510388578010
1738 919980539582464
1739 919451300201854
1740 918922669384704
1741 918394646081949
1742 917867229246938
1743 917340417835421
1744 916814210805545
1745 916288607117846
1746 915763605735243
1747 915239205623027
1748 914715405748862
1749 914192205082773
1750 913669602597137
1751 913147597266684
1752 912626188068482
1753 912105373981936
1754 911585153988780
1755 911065527073067
1756 910546492221168
1757 910028048421761
1758 909510194665826
1759 908992929946640
1760 908476253259766
1761 907960163603053
1762 907444659976623
1763 906929741382868
1764 906415406826444
1765 905901655314264
1766 905388485855490
1767 904875897461528
1768 904363889146022
1769 903852459924846
1770 903341608816101
1771 902831334840106
1772 902321637019390
1773 901812514378692
1774 901303965944947
1775 900795990747286
1776 900288587817027
1777 899781756187670
1778 899275494894888
1779 898769802976526
1780 898264679472589
1781 897760123425242
1782 897256133878799
1783 896752709879718
1784 896249850476599
1785 895747554720171
1786 895245821663292
1787 894744650360942
1788 894244039870212
1789 893743989250307
1790 893244497562531
1791 892745563870288
1792 892247187239071
1793 891749366736462
1794 891252101432119
1795 890755390397777
1796 890259232707238
1797 889763627436366
1798 889268573663081
1799 888774070467357
1800 888280116931210
1801 887786712138698
1802 887293855175912
1803 886801545130970
1804 886309781094016
1805 885818562157207
1806 885327887414715
1807 884837755962716
1808 884348166899386
1809 883859119324899
1810 883370612341413
1811 882882645053075
1812 882395216566008
1813 881908325988307
1814 881421972430037
1815 880936155003223
1816 880450872821847
1817 879966125001843
1818 879481910661090
1819 878998228919408
1820 878515078898552
1821 878032459722208
1822 877550370515984
1823 877068810407410
1824 876587778525929
1825 876107274002893
1826 875627295971556
1827 875147843567072
1828 874668915926489
1829 874190512188741
1830 873712631494645
1831 873235272986898
1832 872758435810066
1833 872282119110586
1834 871806322036754
1835 871331043738726
1836 870856283368508
1837 870382040079956
1838 869908313028766
1839 869435101372471
1840 868962404270436
1841 868490220883855
1842 868018550375744
1843 867547391910933
1844 867076744656068
1845 866606607779601
1846 866136980451787
1847 865667861844677
1848 865199251132117
1849 864731147489740
1850 864263550094961
1851 863796458126975
1852 863329870766750
1853 862863787197021
1854 862398206602290
1855 861933128168815
1856 861468551084611
1857 861004474539440
1858 860540897724813
1859 860077819833976
1860 859615240061915
1861 859153157605345
1862 858691571662707
1863 858230481434165
1864 857769886121599
1865 857309784928602
1866 856850177060473
1867 856391061724218
1868 855932438128537
1869 855474305483829
1870 855016663002179
1871 854559509897358
1872 854102845384818
1873 853646668681688
1874 853190979006766
1875 852735775580521
1876 852281057625080
1877 851826824364233
1878 851373075023421
1879 850919808829735
1880 850467025011912
1881 850014722800328
1882 849562901426998
1883 849111560125565
1884 848660698131304
1885 848210314681111
1886 847760409013501
1887 847310980368605
1888 846862027988164
1889 846413551115524
1890 845965548995634
1891 845518020875041
1892 845070966001885
1893 844624383625896
1894 844178272998388
1895 843732633372257
1896 843287464001975
1897 842842764143586
1898 842398533054705
1899 841954769994508
1900 841511474223734
1901 841068645004676
1902 840626281601180
1903 840184383278640
1904 839742949303993
1905 839301978945718
1906 838861471473826
1907 838421426159864
1908 837981842276904
1909 837542719099541
1910 837104055903893
1911 836665851967590
1912 836228106569778
1913 835790818991106
1914 835353988513730
1915 834917614421306
1916 834481695998985
1917 834046232533410
1918 833611223312713
1919 833176667626510
1920 832742564765898
1921 832308914023449
1922 831875714693210
1923 831442966070696
1924 831010667452887
1925 830578818138224
1926 830147417426606
1927 829716464619386
1928 829285959019368
1929 828855899930799
1930 828426286659372
1931 827997118512216
1932 827568394797898
1933 827140114826413
1934 826712277909186
1935 826284883359065
1936 825857930490319
1937 825431418618631
1938 825005347061102
1939 824579715136236
1940 824154522163948
1941 823729767465551
1942 823305450363760
1943 822881570182682
1944 822458126247817
1945 822035117886051
1946 821612544425655
1947 821190405196282
1948 820768699528958
1949 820347426756087
1950 819926586211440
1951 819506177230156
1952 819086199148735
1953 818666651305038
1954 818247533038281
1955 817828843689034
1956 817410582599215
1957 816992749112086
1958 816575342572254
1959 816158362325663
1960 815741807719593
1961 815325678102655
1962 814909972824788
1963 814494691237259
1964 814079832692654
1965 813665396544878
1966 813251382149151
1967 812837788862005
1968 812424616041280
1969 812011863046121
1970 811599529236976
1971 811187613975588
1972 810776116624999
1973 810365036549541
1974 809954373114834
1975 809544125687784
1976 809134293636579
1977 808724876330685
1978 808315873140846
1979 807907283439075
1980 807499106598656
1981 807091341994138
1982 806683989001334
1983 806277046997316
1984 805870515360412
1985 805464393470202
1986 805058680707518
1987 804653376454439
1988 804248480094286
1989 803843991011622
1990 803439908592247
1991 803036232223195
1992 802632961292731
1993 802230095190351
1994 801827633306772
1995 801425575033935
1996 801023919765002
1997 800622666894346
1998 800221815817558
1999 799821365931437
2000 799421316633986
2001 799021667324416
2002 798622417403138
2003 798223566271757
2004 797825113333078
2005 797427057991095
2006 797029399650991
2007 796632137719136
2008 796235271603081
2009 795838800711558
2010 795442724454478
2011 795047042242923
2012 794651753489149
2013 794256857606577
2014 793862354009796
2015 793468242114557
2016 793074521337770
2017 792681191097503
2018 792288250812976
2019 791895699904562
2020 791503537793781
2021 791111763903299
2022 790720377656922
2023 790329378479600
2024 789938765797417
2025 789548539037591
2026 789158697628472
2027 788769240999539
2028 788380168581396
2029 787991479805770
2030 787603174105506
2031 787215250914572
2032 786827709668044
2033 786440549802114
2034 786053770754082
2035 785667371962355
2036 785281352866443
2037 784895712906956
2038 784510451525605
2039 784125568165195
2040 783741062269623
2041 783356933283878
2042 782973180654036
2043 782589803827256
2044 782206802251783
2045 781824175376939
2046 781441922653122
2047 781060043531808
2048 780678537465541
2049 780297403907935
2050 779916642313674
2051 779536252138500
2052 779156232839220
2053 778776583873700
2054 778397304700860
2055 778018394780674
2056 777639853574170
2057 777261680543419
2058 776883875151544
2059 776506436862705
2060 776129365142109
2061 775752659455996
2062 775376319271646
2063 775000344057369
2064 774624733282508
2065 774249486417433
2066 773874602933540
2067 773500082303248
2068 773125923999999
2069 772752127498249
2070 772378692273475
2071 772005617802163
2072 771632903561812
2073 771260549030930
2074 770888553689031
2075 770516917016631
2076 770145638495249
2077 769774717607402
2078 769404153836605
2079 769033946667364
2080 768664095585179
2081 768294600076539
2082 767925459628920
2083 767556673730782
2084 767188241871567
2085 766820163541697
2086 766452438232572
2087 766085065436566
2088 765718044647027
2089 765351375358274
2090 764985057065592
2091 764619089265232
2092 764253471454412
2093 763888203131306
2094 763523283795051
2095 763158712945740
2096 762794490084417
2097 762430614713082
2098 762067086334684
2099 761703904453118
2100 761341068573225
2101 760978578200790
2102 760616432842537
2103 760254632006131
2104 759893175200170
2105 759532061934189
2106 759171291718653
2107 758810864064958
2108 758450778485427
2109 758091034493307
2110 757731631602771
2111 757372569328910
2112 757013847187734
2113 756655464696172
2114 756297421372064
2115 755939716734165
2116 755582350302137
2117 755225321596554
2118 754868630138891
2119 754512275451531
2120 754156257057756
2121 753800574481746
2122 753445227248583
2123 753090214884239
2124 752735536915581
2125 752381192870368
2126 752027182277247
2127 751673504665751
2128 751320159566297
2129 750967146510188
2130 750614465029603
2131 750262114657603
2132 749910094928123
2133 749558405375974
2134 749207045536838
2135 748856014947267
2136 748505313144683
2137 748154939667372
2138 747804894054485
2139 747455175846036
2140 747105784582897
2141 746756719806801
2142 746407981060333
2143 746059567886936
2144 745711479830903
2145 745363716437377
2146 745016277252350
2147 744669161822659
2148 744322369695987
2149 743975900420858
2150 743629753546635
2151 743283928623522
2152 742938425202556
2153 742593242835612
2154 742248381075395
2155 741903839475441
2156 741559617590116
2157 741215714974609
2158 740872131184938
2159 740528865777942
2160 740185918311281
2161 739843288343433
2162 739500975433694
2163 739158979142177
2164 738817299029806
2165 738475934658316
2166 738134885590255
2167 737794151388975
2168 737453731618635
2169 737113625844201
2170 736773833631436
2171 736434354546906
2172 736095188157978
2173 735756334032810
2174 735417791740360
2175 735079560850377
2176 734741640933399
2177 734404031560757
2178 734066732304567
2179 733729742737732
2180 733393062433938
2181 733056690967655
2182 732720627914130
2183 732384872849392
2184 732049425350244
2185 731714284994267
2186 731379451359812
2187 731044924026002
2188 730710702572733
2189 730376786580664
2190 730043175631224
2191 729709869306605
2192 729376867189761
2193 729044168864408
2194 728711773915020
2195 728379681926830
2196 728047892485826
2197 727716405178749
2198 727385219593095
2199 727054335317107
2200 726723751939780
2201 726393469050855
2202 726063486240817
2203 725733803100898
2204 725404419223069
2205 725075334200043
2206 724746547625271
2207 724418059092943
2208 724089868197982
2209 723761974536045
2210 723434377703523
2211 723107077297536
2212 722780072915931
2213 722453364157287
2214 722126950620903
2215 721800831906805
2216 721475007615741
2217 721149477349179
2218 720824240709306
2219 720499297299027
2220 720174646721960
2221 719850288582442
2222 719526222485517
2223 719202448036944
2224 718878964843190
2225 718555772511429
2226 718232870649542
2227 717910258866114
2228 717587936770433
2229 717265903972489
2230 716944160082970
2231 716622704713265
2232 716301537475458
2233 715980657982327
2234 715660065847345
2235 715339760684678
2236 715019742109181
2237 714700009736396
2238 714380563182557
2239 714061402064580
2240 713742526000067
2241 713423934607301
2242 713105627505250
2243 712787604313557
2244 712469864652547
2245 712152408143219
2246 711835234407249
2247 711518343066985
2248 711201733745450
2249 710885406066335
2250 710569359654001
2251 710253594133477
2252 709938109130458
2253 709622904271303
2254 709307979183036
2255 708993333493342
2256 708678966830566
2257 708364878823712
2258 708051069102441
2259 707737537297071
2260 707424283038574
2261 707111305958574
2262 706798605689349
2263 706486181863826
2264 706174034115579
2265 705862162078831
2266 705550565388453
2267 705239243679955
2268 704928196589495
2269 704617423753871
2270 704306924810521
2271 703996699397520
2272 703686747153584
2273 703377067718063
2274 703067660730942
2275 702758525832837
2276 702449662665000
2277 702141070869310
2278 701832750088277
2279 701524699965036
2280 701216920143352
2281 700909410267612
2282 700602169982828
2283 700295198934633
2284 699988496769282
2285 699682063133649
2286 699375897675225
2287 699070000042119
2288 698764369883056
2289 698459006847374
2290 698153910585022
2291 697849080746564
2292 697544516983172
2293 697240218946626
2294 696936186289314
2295 696632418664232
2296 696328915724978
2297 696025677125754
2298 695722702521364
2299 695419991567215
2300 695117543919311
2301 694815359234255
2302 694513437169246
2303 694211777382081
2304 693910379531148
2305 693609243275430
2306 693308368274502
2307 693007754188529
2308 692707400678264
2309 692407307405049
2310 692107474030813
2311 691807900218069
2312 691508585629915
2313 691209529930032
2314 690910732782682
2315 690612193852707
2316 690313912805529
2317 690015889307146
2318 689718123024136
2319 689420613623648
2320 689123360773408
2321 688826364141714
2322 688529623397434
2323 688233138210010
2324 687936908249450
2325 687640933186331
2326 687345212691796
2327 687049746437554
2328 686754534095879
2329 686459575339606
2330 686164869842135
2331 685870417277423
2332 685576217319988
2333 685282269644908
2334 684988573927814
2335 684695129844898
2336 684401937072901
2337 684108995289122
2338 683816304171409
2339 683523863398165
2340 683231672648338
2341 682939731601428
2342 682648039937483
2343 682356597337095
2344 682065403481402
2345 681774458052087
2346 681483760731376
2347 681193311202036
2348 680903109147373
2349 680613154251236
2350 680323446198009
2351 680033984672616
2352 679744769360515
2353 679455799947699
2354 679167076120696
2355 678878597566565
2356 678590363972897
2357 678302375027814
2358 678014630419968
2359 677727129838536
2360 677439872973224
2361 677152859514264
2362 676866089152414
2363 676579561578951
2364 676293276485681
2365 676007233564925
2366 675721432509529
2367 675435873012856
2368 675150554768787
2369 674865477471722
2370 674580640816575
2371 674296044498776
2372 674011688214267
2373 673727571659504
2374 673443694531456
2375 673160056527599
2376 672876657345922
2377 672593496684921
2378 672310574243597
2379 672027889721461
2380 671745442818528
2381 671463233235316
2382 671181260672846
2383 670899524832642
2384 670618025416729
2385 670336762127632
2386 670055734668374
2387 669774942742475
2388 669494386053955
2389 669214064307326
2390 668933977207597
2391 668654124460271
2392 668374505771340
2393 668095120847293
2394 667815969395105
2395 667537051122242
2396 667258365736661
2397 666979912946802
2398 666701692461594
2399 666423703990453
2400 666145947243276
2401 665868421930445
2402 665591127762826
2403 665314064451763
2404 665037231709084
2405 664760629247095
2406 664484256778579
2407 664208114016798
2408 663932200675490
2409 663656516468870
2410 663381061111625
2411 663105834318916
2412 662830835806378
2413 662556065290116
2414 662281522486707
2415 662007207113196
2416 661733118887097
2417 661459257526392
2418 661185622749531
2419 660912214275427
2420 660639031823459
2421 660366075113470
2422 660093343865766
2423 659820837801115
2424 659548556640744
2425 659276500106342
2426 659004667920057
2427 658733059804494
2428 658461675482715
2429 658190514678240
2430 657919577115042
2431 657648862517549
2432 657378370610644
2433 657108101119661
2434 656838053770384
2435 656568228289051
2436 656298624402346
2437 656029241837406
2438 655760080321812
2439 655491139583593
2440 655222419351225
2441 654953919353629
2442 654685639320168
2443 654417578980650
2444 654149738065326
2445 653882116304888
2446 653614713430466
2447 653347529173634
2448 653080563266400
2449 652813815441215
2450 652547285430962
2451 652280972968963
2452 652014877788975
2453 651748999625188
2454 651483338212227
2455 651217893285147
2456 650952664579438
2457 650687651831017
2458 650422854776235
2459 650158273151869
2460 649893906695124
2461 649629755143634
2462 649365818235459
2463 649102095709083
2464 648838587303417
2465 648575292757794
2466 648312211811970
2467 648049344206125
2468 647786689680858
2469 647524247977189
2470 647262018836557
2471 647000002000822
2472 646738197212259
2473 646476604213562
2474 646215222747840
2475 645954052558617
2476 645693093389832
2477 645432344985839
2478 645171807091402
2479 644911479451700
2480 644651361812320
2481 644391453919261
2482 644131755518932
2483 643872266358149
2484 643612986184137
2485 643353914744529
2486 643095051787361
2487 642836397061078
2488 642577950314526
2489 642319711296958
2490 642061679758027
2491 641803855447791
2492 641546238116708
2493 641288827515635
2494 641031623395831
2495 640774625508952
2496 640517833607055
2497 640261247442590
2498 640004866768407
2499 639748691337751
2500 639492720904261
2501 639236955221971
2502 638981394045307
2503 638726037129090
2504 638470884228530
2505 638215935099229
2506 637961189497181
2507 637706647178767
2508 637452307900757
2509 637198171420311
2510 636944237494973
2511 636690505882676
2512 636436976341736
2513 636183648630857
2514 635930522509124
2515 635677597736007
2516 635424874071358
2517 635172351275411
2518 634920029108781
2519 634667907332462
2520 634415985707830
2521 634164263996636
2522 633912741961014
2523 633661419363470
2524 633410295966890
2525 633159371534535
2526 632908645830039
2527 632658118617414
2528 632407789661042
2529 632157658725679
2530 631907725576454
2531 631657989978866
2532 631408451698785
2533 631159110502451
2534 630909966156472
2535 630661018427827
2536 630412267083860
2537 630163711892282
2538 629915352621173
2539 629667189038975
2540 629419220914498
2541 629171448016912
2542 628923870115754
2543 628676486980922
2544 628429298382677
2545 628182304091639
2546 627935503878790
2547 627688897515472
2548 627442484773386
2549 627196265424591
2550 626950239241503
2551 626704405996895
2552 626458765463899
2553 626213317415998
2554 625968061627034
2555 625722997871200
2556 625478125923045
2557 625233445557470
2558 624988956549726
2559 624744658675419
2560 624500551710502
2561 624256635431282
2562 624012909614412
2563 623769374036894
2564 623526028476081
2565 623282872709670
2566 623039906515706
2567 622797129672580
2568 622554541959027
2569 622312143154129
2570 622069933037310
2571 621827911388338
2572 621586077987323
2573 621344432614718
2574 621102975051316
2575 620861705078252
2576 620620622477000
2577 620379727029374
2578 620139018517524
2579 619898496723943
2580 619658161431456
2581 619418012423229
2582 619178049482760
2583 618938272393887
2584 618698680940778
2585 618459274907938
2586 618220054080204
2587 617981018242748
2588 617742167181071
2589 617503500681008
2590 617265018528723
2591 617026720510711
2592 616788606413798
2593 616550676025136
2594 616312929132208
2595 616075365522823
2596 615837984985118
2597 615600787307556
2598 615363772278924
2599 615126939688339
2600 614890289325237
2601 614653820979381
2602 614417534440857
2603 614181429500073
2604 613945505947760
2605 613709763574969
2606 613474202173073
2607 613238821533764
2608 613003621449054
2609 612768601711276
2610 612533762113079
2611 612299102447430
2612 612064622507613
2613 611830322087230
2614 611596200980197
2615 611362258980747
2616 611128495883427
2617 610894911483098
2618 610661505574935
2619 610428277954424
2620 610195228417366
2621 609962356759873
2622 609729662778367
2623 609497146269581
2624 609264807030558
2625 609032644858651
2626 608800659551521
2627 608568850907138
2628 608337218723779
2629 608105762800027
2630 607874482934773
2631 607643378927213
2632 607412450576849
2633 607181697683487
2634 606951120047238
2635 606720717468514
2636 606490489748034
2637 606260436686815
2638 606030558086179
2639 605800853747748
2640 605571323473445
2641 605341967065492
2642 605112784326412
2643 604883775059027
2644 604654939066456
2645 604426276152116
2646 604197786119723
2647 603969468773287
2648 603741323917116
2649 603513351355815
2650 603285550894280
2651 603057922337704
2652 602830465491574
2653 602603180161670
2654 602376066154065
2655 602149123275123
2656 601922351331501
2657 601695750130148
2658 601469319478300
2659 601243059183488
2660 601016969053528
2661 600791048896527
2662 600565298520882
2663 600339717735274
2664 600114306348676
2665 599889064170343
2666 599663991009820
2667 599439086676936
2668 599214350981805
2669 598989783734827
2670 598765384746685
2671 598541153828346
2672 598317090791059
2673 598093195446357
2674 597869467606055
2675 597645907082249
2676 597422513687315
2677 597199287233910
2678 596976227534973
2679 596753334403719
2680 596530607653643
2681 596308047098521
2682 596085652552402
2683 595863423829617
2684 595641360744770
2685 595419463112744
2686 595197730748696
2687 594976163468059
2688 594754761086541
2689 594533523420123
2690 594312450285062
2691 594091541497885
2692 593870796875395
2693 593650216234664
2694 593429799393039
2695 593209546168135
2696 592989456377839
2697 592769529840310
2698 592549766373973
2699 592330165797526
2700 592110727929932
2701 591891452590425
2702 591672339598505
2703 591453388773940
2704 591234599936765
2705 591015972907280
2706 590797507506052
2707 590579203553912
2708 590361060871957
2709 590143079281546
2710 589925258604305
2711 589707598662121
2712 589490099277143
2713 589272760271786
2714 589055581468722
2715 588838562690889
2716 588621703761481
2717 588405004503957
2718 588188464742033
2719 587972084299685
2720 587755863001148
2721 587539800670916
2722 587323897133741
2723 587108152214631
2724 586892565738852
2725 586677137531927
2726 586461867419635
2727 586246755228010
2728 586031800783342
2729 585817003912174
2730 585602364441305
2731 585387882197787
2732 585173557008926
2733 584959388702280
2734 584745377105658
2735 584531522047124
2736 584317823354992
2737 584104280857826
2738 583890894384442
2739 583677663763905
2740 583464588825530
2741 583251669398881
2742 583038905313772
2743 582826296400263
2744 582613842488663
2745 582401543409529
2746 582189398993664
2747 581977409072117
2748 581765573476183
2749 581553892037404
2750 581342364587566
2751 581130990958700
2752 580919770983081
2753 580708704493227
2754 580497791321901
2755 580287031302108
2756 580076424267094
2757 579865970050351
2758 579655668485607
2759 579445519406837
2760 579235522648251
2761 579025678044304
2762 578815985429687
2763 578606444639334
2764 578397055508416
2765 578187817872341
2766 577978731566758
2767 577769796427553
2768 577561012290847
2769 577352378993000
2770 577143896370608
2771 576935564260502
2772 576727382499750
2773 576519350925654
2774 576311469375751
2775 576103737687812
2776 575896155699842
2777 575688723250079
2778 575481440176995
2779 575274306319294
2780 575067321515912
2781 574860485606016
2782 574653798429006
2783 574447259824512
2784 574240869632393
2785 574034627692742
2786 573828533845876
2787 573622587932348
2788 573416789792933
2789 573211139268639
2790 573005636200701
2791 572800280430581
2792 572595071799968
2793 572390010150779
2794 572185095325155
2795 571980327165467
2796 571775705514306
2797 571571230214494
2798 571366901109074
2799 571162718041314
2800 570958680854707
2801 570754789392968
2802 570551043500037
2803 570347443020076
2804 570143987797468
2805 569940677676820
2806 569737512502960
2807 569534492120936
2808 569331616376019
2809 569128885113697
2810 568926298179682
2811 568723855419903
2812 568521556680509
2813 568319401807867
2814 568117390648564
2815 567915523049405
2816 567713798857409
2817 567512217919818
2818 567310780084087
2819 567109485197888
2820 566908333109111
2821 566707323665859
2822 566506456716452
2823 566305732109426
2824 566105149693528
2825 565904709317724
2826 565704410831190
2827 565504254083317
2828 565304238923708
2829 565104365202182
2830 564904632768765
2831 564705041473700
2832 564505591167439
2833 564306281700645
2834 564107112924193
2835 563908084689168
2836 563709196846865
2837 563510449248788
2838 563311841746652
2839 563113374192379
2840 562915046438102
2841 562716858336160
2842 562518809739101
2843 562320900499681
2844 562123130470862
2845 561925499505812
2846 561728007457908
2847 561530654180732
2848 561333439528070
2849 561136363353916
2850 560939425512468
2851 560742625858126
2852 560545964245499
2853 560349440529397
2854 560153054564833
2855 559956806207024
2856 559760695311392
2857 559564721733558
2858 559368885329346
2859 559173185954784
2860 558977623466099
2861 558782197719720
2862 558586908572276
2863 558391755880597
2864 558196739501714
2865 558001859292855
2866 557807115111449
2867 557612506815126
2868 557418034261710
2869 557223697309226
2870 557029495815898
2871 556835429640145
2872 556641498640585
2873 556447702676032
2874 556254041605498
2875 556060515288188
2876 555867123583507
2877 555673866351052
2878 555480743450617
2879 555287754742192
2880 555094900085958
2881 554902179342293
2882 554709592371768
2883 554517139035147
2884 554324819193389
2885 554132632707644
2886 553940579439254
2887 553748659249755
2888 553556872000874
2889 553365217554529
2890 553173695772830
2891 552982306518077
2892 552791049652762
2893 552599925039566
2894 552408932541359
2895 552218072021201
2896 552027343342344
2897 551836746368225
2898 551646280962471
2899 551455946988897
2900 551265744311508
2901 551075672794493
2902 550885732302230
2903 550695922699285
2904 550506243850409
2905 550316695620540
2906 550127277874800
2907 549937990478501
2908 549748833297136
2909 549559806196385
2910 549370909042112
2911 549182141700367
2912 548993504037381
2913 548804995919571
2914 548616617213538
2915 548428367786064
2916 548240247504114
2917 548052256234838
2918 547864393845565
2919 547676660203808
2920 547489055177261
2921 547301578633797
2922 547114230441475
2923 546927010468529
2924 546739918583376
2925 546552954654614
2926 546366118551019
2927 546179410141546
2928 545992829295331
2929 545806375881688
2930 545620049770107
2931 545433850830260
2932 545247778931995
2933 545061833945337
2934 544876015740489
2935 544690324187832
2936 544504759157920
2937 544319320521488
2938 544134008149444
2939 543948821912872
2940 543763761683033
2941 543578827331362
2942 543394018729468
2943 543209335749137
2944 543024778262326
2945 542840346141169
2946 542656039257972
2947 542471857485215
2948 542287800695551
2949 542103868761804
2950 541920061556974
2951 541736378954230
2952 541552820826915
2953 541369387048542
2954 541186077492796
2955 541002892033534
2956 540819830544781
2957 540636892900737
2958 540454078975767
2959 540271388644409
2960 540088821781371
2961 539906378261527
2962 539724057959924
2963 539541860751776
2964 539359786512464
2965 539177835117539
2966 538996006442720
2967 538814300363892
2968 538632716757109
2969 538451255498591
2970 538269916464726
2971 538088699532066
2972 537907604577331
2973 537726631477407
2974 537545780109346
2975 537365050350364
2976 537184442077842
2977 537003955169326
2978 536823589502529
2979 536643344955325
2980 536463221405753
2981 536283218732016
2982 536103336812480
2983 535923575525676
2984 535743934750294
2985 535564414365190
2986 535385014249381
2987 535205734282047
2988 535026574342528
2989 534847534310327
2990 534668614065108
2991 534489813486695
2992 534311132455073
2993 534132570850390
2994 533954128552950
2995 533775805443220
2996 533597601401825
2997 533419516309550
2998 533241550047339
2999 533063702496295
3000 532885973537680
